"Start Time (YYYY:MM:DD)","Stop Time (YYYY:MM:DD)","Duration (sec)"
2018:05:18:10:00:00.000,2018:07:27:17:15:49.895,6074149.895
2018:07:27:23:23:59.594,2018:08:10:10:06:17.207,1161737.613
2018:08:10:10:08:59.425,2018:08:10:13:39:17.794,12618.369
2018:08:10:13:44:22.270,2018:08:10:17:12:42.586,12500.316
2018:08:10:17:19:20.915,2018:08:10:20:46:16.711,12415.795
2018:08:10:20:54:10.222,2018:08:11:00:19:56.235,12346.013
2018:08:11:00:28:54.136,2018:08:11:03:53:39.387,12285.250
2018:08:11:04:03:34.418,2018:08:11:07:27:25.210,12230.792
2018:08:11:07:38:12.032,2018:08:11:11:01:13.101,12181.069
2018:08:11:11:12:47.578,2018:08:11:14:35:02.659,12135.081
2018:08:11:14:47:21.459,2018:08:11:18:08:53.600,12092.141
2018:08:11:18:21:53.959,2018:08:11:21:42:45.707,12051.748
2018:08:11:21:56:25.292,2018:08:12:01:16:38.819,12013.527
2018:08:12:01:30:55.617,2018:08:12:04:50:32.814,11977.196
2018:08:12:05:05:25.064,2018:08:12:08:24:27.582,11942.518
2018:08:12:08:39:53.733,2018:08:12:11:58:23.048,11909.315
2018:08:12:12:14:21.707,2018:08:12:15:32:19.133,11877.426
2018:08:12:15:48:49.062,2018:08:12:19:06:15.789,11846.726
2018:08:12:19:23:15.849,2018:08:12:22:40:12.955,11817.106
2018:08:12:22:57:42.121,2018:08:13:02:14:10.597,11788.476
2018:08:13:02:32:07.919,2018:08:13:05:48:08.674,11760.755
2018:08:13:06:06:33.281,2018:08:13:09:22:07.155,11733.874
2018:08:13:09:40:58.239,2018:08:13:12:56:06.010,11707.771
2018:08:13:13:15:22.820,2018:08:13:16:30:05.215,11682.395
2018:08:13:16:49:47.055,2018:08:13:20:04:04.747,11657.693
2018:08:13:20:24:10.961,2018:08:13:23:38:04.587,11633.626
2018:08:13:23:58:34.560,2018:08:14:03:12:04.715,11610.155
2018:08:14:03:32:57.870,2018:08:14:06:46:05.114,11587.245
2018:08:14:07:07:20.906,2018:08:14:10:20:05.773,11564.867
2018:08:14:10:41:43.685,2018:08:14:13:54:06.676,11542.991
2018:08:14:14:16:06.221,2018:08:14:17:28:07.807,11521.586
2018:08:14:17:50:28.523,2018:08:14:21:02:09.161,11500.639
2018:08:14:21:24:50.603,2018:08:15:00:36:10.725,11480.122
2018:08:15:00:59:12.473,2018:08:15:04:10:12.490,11460.017
2018:08:15:04:33:34.141,2018:08:15:07:44:14.446,11440.305
2018:08:15:08:07:55.617,2018:08:15:11:18:16.586,11420.968
2018:08:15:11:42:16.909,2018:08:15:14:52:18.901,11401.992
2018:08:15:15:16:38.025,2018:08:15:18:26:21.386,11383.361
2018:08:15:18:50:58.970,2018:08:15:22:00:24.032,11365.062
2018:08:15:22:25:19.752,2018:08:16:01:34:26.835,11347.083
2018:08:16:01:59:40.377,2018:08:16:05:08:29.789,11329.411
2018:08:16:05:34:00.848,2018:08:16:08:42:32.887,11312.039
2018:08:16:09:08:21.180,2018:08:16:12:16:36.126,11294.946
2018:08:16:12:42:41.365,2018:08:16:15:50:39.500,11278.135
2018:08:16:16:17:01.417,2018:08:16:19:24:43.005,11261.588
2018:08:16:19:51:21.337,2018:08:16:22:58:46.637,11245.301
2018:08:16:23:25:41.129,2018:08:17:02:32:50.392,11229.263
2018:08:17:03:00:00.797,2018:08:17:06:06:54.265,11213.468
2018:08:17:06:34:20.346,2018:08:17:09:40:58.255,11197.909
2018:08:17:10:08:39.778,2018:08:17:13:15:02.360,11182.582
2018:08:17:13:42:59.099,2018:08:17:16:49:06.570,11167.471
2018:08:17:17:17:18.309,2018:08:17:20:23:10.884,11152.575
2018:08:17:20:51:37.411,2018:08:17:23:57:15.304,11137.892
2018:08:18:00:25:56.410,2018:08:18:03:31:19.825,11123.414
2018:08:18:04:00:15.307,2018:08:18:07:05:24.443,11109.136
2018:08:18:07:34:34.106,2018:08:18:10:39:29.157,11095.051
2018:08:18:11:08:52.809,2018:08:18:14:13:33.965,11081.157
2018:08:18:14:43:11.417,2018:08:18:17:47:38.864,11067.447
2018:08:18:18:17:29.934,2018:08:18:21:21:43.852,11053.918
2018:08:18:21:51:48.362,2018:08:19:00:55:48.925,11040.563
2018:08:19:01:26:06.702,2018:08:19:04:29:54.087,11027.384
2018:08:19:05:00:24.957,2018:08:19:08:03:59.329,11014.372
2018:08:19:08:34:43.128,2018:08:19:11:38:04.652,11001.524
2018:08:19:12:09:01.218,2018:08:19:15:12:10.055,10988.838
2018:08:19:15:43:19.227,2018:08:19:18:46:15.536,10976.309
2018:08:19:19:17:37.158,2018:08:19:22:20:21.094,10963.936
2018:08:19:22:51:55.012,2018:08:20:01:54:26.726,10951.714
2018:08:20:02:26:12.790,2018:08:20:05:28:32.432,10939.641
2018:08:20:06:00:30.495,2018:08:20:09:02:38.207,10927.712
2018:08:20:09:34:48.126,2018:08:20:12:36:44.056,10915.930
2018:08:20:13:09:05.688,2018:08:20:16:10:49.974,10904.285
2018:08:20:16:43:23.181,2018:08:20:19:44:55.960,10892.779
2018:08:20:20:17:40.604,2018:08:20:23:19:02.013,10881.408
2018:08:20:23:51:57.961,2018:08:21:02:53:08.132,10870.171
2018:08:21:03:26:15.251,2018:08:21:06:27:14.315,10859.064
2018:08:21:07:00:32.479,2018:08:21:10:01:20.563,10848.083
2018:08:21:10:34:49.641,2018:08:21:13:35:26.873,10837.231
2018:08:21:14:09:06.741,2018:08:21:17:09:33.244,10826.503
2018:08:21:17:43:23.776,2018:08:21:20:43:39.676,10815.900
2018:08:21:21:17:40.755,2018:08:22:00:17:46.168,10805.413
2018:08:22:00:51:57.672,2018:08:22:03:51:52.719,10795.047
2018:08:22:04:26:14.531,2018:08:22:07:25:59.328,10784.797
2018:08:22:08:00:31.332,2018:08:22:11:00:05.994,10774.662
2018:08:22:11:34:48.075,2018:08:22:14:34:12.716,10764.640
2018:08:22:15:09:04.761,2018:08:22:18:08:19.493,10754.733
2018:08:22:18:43:21.390,2018:08:22:21:42:26.326,10744.936
2018:08:22:22:17:37.968,2018:08:23:01:16:33.212,10735.244
2018:08:23:01:51:54.492,2018:08:23:04:50:40.151,10725.659
2018:08:23:05:26:10.963,2018:08:23:08:24:47.143,10716.180
2018:08:23:09:00:27.382,2018:08:23:11:58:54.187,10706.805
2018:08:23:12:34:43.751,2018:08:23:15:33:01.284,10697.533
2018:08:23:16:09:00.067,2018:08:23:19:07:08.429,10688.362
2018:08:23:19:43:16.334,2018:08:23:22:41:15.625,10679.291
2018:08:23:23:17:32.551,2018:08:24:02:15:22.869,10670.319
2018:08:24:02:51:48.719,2018:08:24:05:49:30.164,10661.445
2018:08:24:06:26:04.839,2018:08:24:09:23:37.505,10652.665
2018:08:24:10:00:20.912,2018:08:24:12:57:44.896,10643.984
2018:08:24:13:34:36.937,2018:08:24:16:31:52.333,10635.395
2018:08:24:17:08:52.916,2018:08:24:20:05:59.813,10626.897
2018:08:24:20:43:08.850,2018:08:24:23:40:07.342,10618.492
2018:08:25:00:17:24.739,2018:08:25:03:14:14.916,10610.177
2018:08:25:03:51:40.582,2018:08:25:06:48:22.535,10601.953
2018:08:25:07:25:56.381,2018:08:25:10:22:30.199,10593.818
2018:08:25:11:00:12.137,2018:08:25:13:56:37.907,10585.770
2018:08:25:14:34:27.846,2018:08:25:17:30:45.658,10577.811
2018:08:25:18:08:43.516,2018:08:25:21:04:53.452,10569.936
2018:08:25:21:42:59.146,2018:08:26:00:39:01.289,10562.143
2018:08:26:01:17:14.731,2018:08:26:04:13:09.168,10554.437
2018:08:26:04:51:30.273,2018:08:26:07:47:17.088,10546.815
2018:08:26:08:25:45.777,2018:08:26:11:21:25.053,10539.276
2018:08:26:12:00:01.240,2018:08:26:14:55:33.055,10531.815
2018:08:26:15:34:16.665,2018:08:26:18:29:41.102,10524.436
2018:08:26:19:08:32.047,2018:08:26:22:03:49.185,10517.138
2018:08:26:22:42:47.392,2018:08:27:01:37:57.309,10509.917
2018:08:27:02:17:02.698,2018:08:27:05:12:05.471,10502.773
2018:08:27:05:51:17.965,2018:08:27:08:46:13.673,10495.708
2018:08:27:09:25:33.195,2018:08:27:12:20:21.916,10488.721
2018:08:27:12:59:48.387,2018:08:27:15:54:30.194,10481.807
2018:08:27:16:34:03.542,2018:08:27:19:28:38.514,10474.972
2018:08:27:20:08:18.662,2018:08:27:23:02:46.867,10468.205
2018:08:27:23:42:33.744,2018:08:28:02:36:55.263,10461.519
2018:08:28:03:16:48.788,2018:08:28:06:11:03.689,10454.902
2018:08:28:06:51:03.798,2018:08:28:09:45:12.158,10448.360
2018:08:28:10:25:18.775,2018:08:28:13:19:20.659,10441.884
2018:08:28:13:59:33.715,2018:08:28:16:53:29.200,10435.485
2018:08:28:17:33:48.618,2018:08:28:20:27:37.774,10429.157
2018:08:28:21:08:03.491,2018:08:29:00:01:46.384,10422.893
2018:08:29:00:42:18.326,2018:08:29:03:35:55.030,10416.703
2018:08:29:04:16:33.131,2018:08:29:07:10:03.710,10410.578
2018:08:29:07:50:47.901,2018:08:29:10:44:12.424,10404.523
2018:08:29:11:25:02.638,2018:08:29:14:18:21.171,10398.533
2018:08:29:14:59:17.342,2018:08:29:17:52:29.954,10392.611
2018:08:29:18:33:32.012,2018:08:29:21:26:38.770,10386.758
2018:08:29:22:07:46.652,2018:08:30:01:00:47.622,10380.971
2018:08:30:01:42:01.259,2018:08:30:04:34:56.503,10375.244
2018:08:30:05:16:15.836,2018:08:30:08:09:05.419,10369.583
2018:08:30:08:50:30.381,2018:08:30:11:43:14.369,10363.989
2018:08:30:12:24:44.895,2018:08:30:15:17:23.348,10358.453
2018:08:30:15:58:59.380,2018:08:30:18:51:32.363,10352.983
2018:08:30:19:33:13.833,2018:08:30:22:25:41.407,10347.574
2018:08:30:23:07:28.254,2018:08:31:01:59:50.481,10342.227
2018:08:31:02:41:42.649,2018:08:31:05:33:59.588,10336.939
2018:08:31:06:15:57.012,2018:08:31:09:08:08.726,10331.714
2018:08:31:09:50:11.346,2018:08:31:12:42:17.895,10326.549
2018:08:31:13:24:25.651,2018:08:31:16:16:27.096,10321.445
2018:08:31:16:58:39.925,2018:08:31:19:50:36.326,10316.400
2018:08:31:20:32:54.173,2018:08:31:23:24:45.583,10311.410
2018:09:01:00:07:08.395,2018:09:01:02:58:54.874,10306.479
2018:09:01:03:41:22.586,2018:09:01:06:33:04.191,10301.605
2018:09:01:07:15:36.749,2018:09:01:10:07:13.537,10296.788
2018:09:01:10:49:50.885,2018:09:01:13:41:22.914,10292.029
2018:09:01:14:24:04.992,2018:09:01:17:15:32.322,10287.330
2018:09:01:17:58:19.076,2018:09:01:20:49:41.755,10282.680
2018:09:01:21:32:33.131,2018:09:02:00:23:51.215,10278.084
2018:09:02:01:06:47.157,2018:09:02:03:58:00.707,10273.550
2018:09:02:04:41:01.162,2018:09:02:07:32:10.222,10269.060
2018:09:02:08:15:15.136,2018:09:02:11:06:19.769,10264.633
2018:09:02:11:49:29.084,2018:09:02:14:40:29.342,10260.257
2018:09:02:15:23:43.010,2018:09:02:18:14:38.941,10255.930
2018:09:02:18:57:56.907,2018:09:02:21:48:48.566,10251.659
2018:09:02:22:32:10.783,2018:09:03:01:22:58.219,10247.436
2018:09:03:02:06:24.631,2018:09:03:04:57:07.897,10243.266
2018:09:03:05:40:38.455,2018:09:03:08:31:17.600,10239.144
2018:09:03:09:14:52.252,2018:09:03:12:05:27.330,10235.077
2018:09:03:12:49:06.029,2018:09:03:15:39:37.087,10231.058
2018:09:03:16:23:19.778,2018:09:03:19:13:46.866,10227.088
2018:09:03:19:57:33.506,2018:09:03:22:47:56.672,10223.166
2018:09:03:23:31:47.210,2018:09:04:02:22:06.505,10219.295
2018:09:04:03:06:00.889,2018:09:04:05:56:16.358,10215.469
2018:09:04:06:40:14.545,2018:09:04:09:30:26.240,10211.694
2018:09:04:10:14:28.177,2018:09:04:13:04:36.144,10207.967
2018:09:04:13:48:41.787,2018:09:04:16:38:46.069,10204.281
2018:09:04:17:22:55.374,2018:09:04:20:12:56.020,10200.646
2018:09:04:20:57:08.939,2018:09:04:23:47:05.994,10197.055
2018:09:05:00:31:22.484,2018:09:05:03:21:15.994,10193.509
2018:09:05:04:05:36.002,2018:09:05:06:55:26.012,10190.010
2018:09:05:07:39:49.501,2018:09:05:10:29:36.055,10186.554
2018:09:05:11:14:02.980,2018:09:05:14:03:46.122,10183.142
2018:09:05:14:48:16.434,2018:09:05:17:37:56.208,10179.774
2018:09:05:18:22:29.870,2018:09:05:21:12:06.320,10176.450
2018:09:05:21:56:43.283,2018:09:06:00:46:16.449,10173.166
2018:09:06:01:30:56.674,2018:09:06:04:20:26.604,10169.929
2018:09:06:05:05:10.045,2018:09:06:07:54:36.778,10166.732
2018:09:06:08:39:23.396,2018:09:06:11:28:46.970,10163.575
2018:09:06:12:13:36.723,2018:09:06:15:02:57.188,10160.465
2018:09:06:15:47:50.035,2018:09:06:18:37:07.425,10157.390
2018:09:06:19:22:03.324,2018:09:06:22:11:17.682,10154.358
2018:09:06:22:56:16.591,2018:09:07:01:45:27.959,10151.367
2018:09:07:02:30:29.843,2018:09:07:05:19:38.253,10148.410
2018:09:07:06:04:43.071,2018:09:07:08:53:48.570,10145.499
2018:09:07:09:38:56.283,2018:09:07:12:27:58.908,10142.625
2018:09:07:13:13:09.474,2018:09:07:16:02:09.264,10139.790
2018:09:07:16:47:22.643,2018:09:07:19:36:19.636,10136.992
2018:09:07:20:21:35.798,2018:09:07:23:10:30.031,10134.233
2018:09:07:23:55:48.932,2018:09:08:02:44:40.441,10131.509
2018:09:08:03:30:02.047,2018:09:08:06:18:50.874,10128.827
2018:09:08:07:04:15.141,2018:09:08:09:53:01.323,10126.182
2018:09:08:10:38:28.219,2018:09:08:13:27:11.790,10123.571
2018:09:08:14:12:41.278,2018:09:08:17:01:22.275,10120.997
2018:09:08:17:46:54.319,2018:09:08:20:35:32.778,10118.459
2018:09:08:21:21:07.342,2018:09:09:00:09:43.298,10115.956
2018:09:09:00:55:20.349,2018:09:09:03:43:53.836,10113.487
2018:09:09:04:29:33.336,2018:09:09:07:18:04.391,10111.055
2018:09:09:08:03:46.303,2018:09:09:10:52:14.963,10108.660
2018:09:09:11:37:59.254,2018:09:09:14:26:25.553,10106.298
2018:09:09:15:12:12.188,2018:09:09:18:00:36.159,10103.970
2018:09:09:18:46:25.107,2018:09:09:21:34:46.780,10101.673
2018:09:09:22:20:38.004,2018:09:10:01:08:57.419,10099.416
2018:09:10:01:54:50.888,2018:09:10:04:43:08.075,10097.187
2018:09:10:05:29:03.753,2018:09:10:08:17:18.747,10094.994
2018:09:10:09:03:16.600,2018:09:10:11:51:29.435,10092.835
2018:09:10:12:37:29.431,2018:09:10:15:25:40.139,10090.709
2018:09:10:16:11:42.242,2018:09:10:18:59:50.859,10088.618
2018:09:10:19:45:55.038,2018:09:10:22:34:01.595,10086.557
2018:09:10:23:20:07.818,2018:09:11:02:08:12.347,10084.529
2018:09:11:02:54:20.584,2018:09:11:05:42:23.115,10082.531
2018:09:11:06:28:33.330,2018:09:11:09:16:33.897,10080.567
2018:09:11:10:02:46.060,2018:09:11:12:50:44.696,10078.636
2018:09:11:13:36:58.773,2018:09:11:16:24:55.510,10076.737
2018:09:11:17:11:11.470,2018:09:11:19:59:06.339,10074.869
2018:09:11:20:45:24.150,2018:09:11:23:33:17.184,10073.033
2018:09:12:00:19:36.814,2018:09:12:03:07:28.043,10071.229
2018:09:12:03:53:49.462,2018:09:12:06:41:38.918,10069.456
2018:09:12:07:28:02.092,2018:09:12:10:15:49.808,10067.716
2018:09:12:11:02:14.707,2018:09:12:13:50:00.713,10066.006
2018:09:12:14:36:27.306,2018:09:12:17:24:11.633,10064.327
2018:09:12:18:10:39.889,2018:09:12:20:58:22.569,10062.680
2018:09:12:21:44:52.455,2018:09:13:00:32:33.519,10061.063
2018:09:13:01:19:05.006,2018:09:13:04:06:44.484,10059.478
2018:09:13:04:53:17.540,2018:09:13:07:40:55.464,10057.923
2018:09:13:08:27:30.058,2018:09:13:11:15:06.458,10056.400
2018:09:13:12:01:42.560,2018:09:13:14:49:17.468,10054.908
2018:09:13:15:35:55.047,2018:09:13:18:23:28.493,10053.446
2018:09:13:19:10:07.517,2018:09:13:21:57:39.532,10052.015
2018:09:13:22:44:19.971,2018:09:14:01:31:50.586,10050.615
2018:09:14:02:18:32.409,2018:09:14:05:06:01.655,10049.246
2018:09:14:05:52:44.831,2018:09:14:08:40:12.739,10047.908
2018:09:14:09:26:57.237,2018:09:14:12:14:23.838,10046.601
2018:09:14:13:01:09.628,2018:09:14:15:48:34.951,10045.324
2018:09:14:16:35:22.002,2018:09:14:19:22:46.080,10044.078
2018:09:14:20:09:34.360,2018:09:14:22:56:57.223,10042.863
2018:09:14:23:43:46.703,2018:09:15:02:31:08.382,10041.679
2018:09:15:03:17:59.029,2018:09:15:06:05:19.555,10040.526
2018:09:15:06:52:11.340,2018:09:15:09:39:30.743,10039.403
2018:09:15:10:26:23.634,2018:09:15:13:13:41.946,10038.312
2018:09:15:14:00:35.913,2018:09:15:16:47:53.164,10037.251
2018:09:15:17:34:48.175,2018:09:15:20:22:04.397,10036.221
2018:09:15:21:09:00.422,2018:09:15:23:56:15.645,10035.222
2018:09:16:00:43:12.653,2018:09:16:03:30:26.907,10034.255
2018:09:16:04:17:24.868,2018:09:16:07:04:38.186,10033.318
2018:09:16:07:51:37.068,2018:09:16:10:38:49.479,10032.411
2018:09:16:11:25:49.251,2018:09:16:14:13:00.787,10031.536
2018:09:16:15:00:01.415,2018:09:16:17:47:12.110,10030.695
2018:09:16:18:34:13.568,2018:09:16:21:21:23.449,10029.881
2018:09:16:22:08:25.701,2018:09:17:00:55:34.803,10029.102
2018:09:17:01:42:37.819,2018:09:17:04:29:46.172,10028.353
2018:09:17:05:16:49.924,2018:09:17:08:03:57.557,10027.632
2018:09:17:08:51:02.009,2018:09:17:11:38:08.957,10026.948
2018:09:17:12:25:14.082,2018:09:17:15:12:20.372,10026.290
2018:09:17:15:59:26.136,2018:09:17:18:46:31.803,10025.667
2018:09:17:19:33:38.174,2018:09:17:22:20:43.249,10025.075
2018:09:17:23:07:50.197,2018:09:18:01:54:54.711,10024.514
2018:09:18:02:42:02.202,2018:09:18:05:29:06.188,10023.986
2018:09:18:06:16:14.191,2018:09:18:09:03:17.681,10023.489
2018:09:18:09:50:26.165,2018:09:18:12:37:29.189,10023.024
2018:09:18:13:24:38.123,2018:09:18:16:11:40.714,10022.591
2018:09:18:16:58:50.064,2018:09:18:19:45:52.254,10022.190
2018:09:18:20:33:01.989,2018:09:18:23:20:03.810,10021.821
2018:09:19:00:07:13.898,2018:09:19:02:54:15.384,10021.486
2018:09:19:03:41:25.790,2018:09:19:06:28:26.973,10021.182
2018:09:19:07:15:37.667,2018:09:19:10:02:38.573,10020.906
2018:09:19:10:49:49.527,2018:09:19:13:36:50.195,10020.668
2018:09:19:14:24:01.370,2018:09:19:17:11:01.832,10020.461
2018:09:19:17:58:13.197,2018:09:19:20:45:13.480,10020.283
2018:09:19:21:32:25.008,2018:09:20:00:19:25.150,10020.141
2018:09:20:01:06:36.803,2018:09:20:03:53:36.832,10020.029
2018:09:20:04:40:48.581,2018:09:20:07:27:48.534,10019.953
2018:09:20:08:15:00.342,2018:09:20:11:02:00.252,10019.910
2018:09:20:11:49:12.090,2018:09:20:14:36:11.983,10019.893
2018:09:20:15:23:23.816,2018:09:20:18:10:23.734,10019.918
2018:09:20:18:57:35.528,2018:09:20:21:44:35.500,10019.972
2018:09:20:22:31:47.223,2018:09:21:01:18:47.282,10020.059
2018:09:21:02:05:58.902,2018:09:21:04:52:59.082,10020.180
2018:09:21:05:40:10.564,2018:09:21:08:27:10.898,10020.334
2018:09:21:09:14:22.210,2018:09:21:12:01:22.728,10020.518
2018:09:21:12:48:33.839,2018:09:21:15:35:34.578,10020.738
2018:09:21:16:22:45.452,2018:09:21:19:09:46.447,10020.995
2018:09:21:19:56:57.047,2018:09:21:22:43:58.326,10021.279
2018:09:21:23:31:08.626,2018:09:22:02:18:10.226,10021.600
2018:09:22:03:05:20.189,2018:09:22:05:52:22.143,10021.954
2018:09:22:06:39:31.734,2018:09:22:09:26:34.077,10022.342
2018:09:22:10:13:43.263,2018:09:22:13:00:46.028,10022.764
2018:09:22:13:47:54.775,2018:09:22:16:34:57.995,10023.220
2018:09:22:17:22:06.270,2018:09:22:20:09:09.980,10023.710
2018:09:22:20:56:17.749,2018:09:22:23:43:21.983,10024.234
2018:09:23:00:30:29.210,2018:09:23:03:17:34.002,10024.792
2018:09:23:04:04:40.656,2018:09:23:06:51:46.039,10025.383
2018:09:23:07:38:52.084,2018:09:23:10:25:58.093,10026.009
2018:09:23:11:13:03.495,2018:09:23:14:00:10.165,10026.670
2018:09:23:14:47:14.889,2018:09:23:17:34:22.254,10027.365
2018:09:23:18:21:26.263,2018:09:23:21:08:34.360,10028.097
2018:09:23:21:55:37.623,2018:09:24:00:42:46.484,10028.861
2018:09:24:01:29:48.966,2018:09:24:04:16:58.626,10029.660
2018:09:24:05:04:00.292,2018:09:24:07:51:10.785,10030.493
2018:09:24:08:38:11.604,2018:09:24:11:25:22.962,10031.358
2018:09:24:12:12:22.893,2018:09:24:14:59:35.156,10032.263
2018:09:24:15:46:34.168,2018:09:24:18:33:47.369,10033.200
2018:09:24:19:20:45.429,2018:09:24:22:07:59.599,10034.170
2018:09:24:22:54:56.669,2018:09:25:01:42:11.847,10035.177
2018:09:25:02:29:07.892,2018:09:25:05:16:24.113,10036.221
2018:09:25:06:03:19.098,2018:09:25:08:50:36.396,10037.298
2018:09:25:09:37:30.288,2018:09:25:12:24:48.698,10038.410
2018:09:25:13:11:41.460,2018:09:25:15:59:01.017,10039.557
2018:09:25:16:45:52.616,2018:09:25:19:33:13.355,10040.740
2018:09:25:20:20:03.754,2018:09:25:23:07:25.711,10041.957
2018:09:25:23:54:14.875,2018:09:26:02:41:38.084,10043.210
2018:09:26:03:28:25.978,2018:09:26:06:15:50.476,10044.498
2018:09:26:07:02:37.065,2018:09:26:09:50:02.886,10045.821
2018:09:26:10:36:48.134,2018:09:26:13:24:15.314,10047.180
2018:09:26:14:10:59.186,2018:09:26:16:58:27.760,10048.574
2018:09:26:17:45:10.221,2018:09:26:20:32:40.224,10050.003
2018:09:26:21:19:21.239,2018:09:27:00:06:52.707,10051.468
2018:09:27:00:53:32.239,2018:09:27:03:41:05.208,10052.968
2018:09:27:04:27:43.223,2018:09:27:07:15:17.727,10054.504
2018:09:27:08:01:54.189,2018:09:27:10:49:30.264,10056.076
2018:09:27:11:36:05.137,2018:09:27:14:23:42.820,10057.683
2018:09:27:15:10:16.069,2018:09:27:17:57:55.394,10059.325
2018:09:27:18:44:26.983,2018:09:27:21:32:07.986,10061.003
2018:09:27:22:18:37.880,2018:09:28:01:06:20.597,10062.717
2018:09:28:01:52:48.759,2018:09:28:04:40:33.226,10064.466
2018:09:28:05:26:59.621,2018:09:28:08:14:45.873,10066.251
2018:09:28:09:01:10.466,2018:09:28:11:48:58.538,10068.072
2018:09:28:12:35:21.294,2018:09:28:15:23:11.223,10069.928
2018:09:28:16:09:32.104,2018:09:28:18:57:23.925,10071.821
2018:09:28:19:43:42.897,2018:09:28:22:31:36.646,10073.749
2018:09:28:23:17:53.673,2018:09:29:02:05:49.385,10075.712
2018:09:29:02:52:04.431,2018:09:29:05:40:02.143,10077.712
2018:09:29:06:26:15.173,2018:09:29:09:14:14.919,10079.746
2018:09:29:10:00:25.896,2018:09:29:12:48:27.713,10081.817
2018:09:29:13:34:36.602,2018:09:29:16:22:40.526,10083.924
2018:09:29:17:08:47.291,2018:09:29:19:56:53.357,10086.066
2018:09:29:20:42:57.962,2018:09:29:23:31:06.207,10088.245
2018:09:30:00:17:08.616,2018:09:30:03:05:19.075,10090.460
2018:09:30:03:51:19.252,2018:09:30:06:39:31.962,10092.710
2018:09:30:07:25:29.871,2018:09:30:10:13:44.867,10094.996
2018:09:30:10:59:40.472,2018:09:30:13:47:57.791,10097.319
2018:09:30:14:33:51.053,2018:09:30:17:22:10.734,10099.681
2018:09:30:18:08:01.619,2018:09:30:20:56:23.694,10102.075
2018:09:30:21:42:12.168,2018:10:01:00:30:36.673,10104.505
2018:10:01:01:16:22.701,2018:10:01:04:04:49.670,10106.969
2018:10:01:04:50:33.212,2018:10:01:07:39:02.686,10109.474
2018:10:01:08:24:43.707,2018:10:01:11:13:15.720,10112.013
2018:10:01:11:58:54.185,2018:10:01:14:47:28.773,10114.588
2018:10:01:15:33:04.645,2018:10:01:18:21:41.844,10117.199
2018:10:01:19:07:15.090,2018:10:01:21:55:54.934,10119.844
2018:10:01:22:41:25.514,2018:10:02:01:30:08.042,10122.528
2018:10:02:02:15:35.921,2018:10:02:05:04:21.167,10125.246
2018:10:02:05:49:46.308,2018:10:02:08:38:34.312,10128.004
2018:10:02:09:23:56.679,2018:10:02:12:12:47.477,10130.798
2018:10:02:12:58:07.032,2018:10:02:15:47:00.660,10133.628
2018:10:02:16:32:17.366,2018:10:02:19:21:13.861,10136.495
2018:10:02:20:06:27.683,2018:10:02:22:55:27.081,10139.398
2018:10:02:23:40:37.981,2018:10:03:02:29:40.319,10142.338
2018:10:03:03:14:48.261,2018:10:03:06:03:53.576,10145.315
2018:10:03:06:48:58.522,2018:10:03:09:38:06.852,10148.330
2018:10:03:10:23:08.765,2018:10:03:13:12:20.146,10151.381
2018:10:03:13:57:18.990,2018:10:03:16:46:33.460,10154.470
2018:10:03:17:31:29.196,2018:10:03:20:20:46.792,10157.596
2018:10:03:21:05:39.383,2018:10:03:23:55:00.143,10160.760
2018:10:04:00:39:49.552,2018:10:04:03:29:13.513,10163.961
2018:10:04:04:13:59.701,2018:10:04:07:03:26.902,10167.201
2018:10:04:07:48:09.832,2018:10:04:10:37:40.310,10170.478
2018:10:04:11:22:19.943,2018:10:04:14:11:53.737,10173.794
2018:10:04:14:56:30.035,2018:10:04:17:46:07.183,10177.148
2018:10:04:18:30:40.108,2018:10:04:21:20:20.649,10180.541
2018:10:04:22:04:50.161,2018:10:05:00:54:34.134,10183.972
2018:10:05:01:39:00.195,2018:10:05:04:28:47.638,10187.443
2018:10:05:05:13:10.209,2018:10:05:08:03:01.162,10190.953
2018:10:05:08:47:20.203,2018:10:05:11:37:14.706,10194.502
2018:10:05:12:21:30.177,2018:10:05:15:11:28.269,10198.091
2018:10:05:15:55:40.131,2018:10:05:18:45:41.852,10201.721
2018:10:05:19:29:50.065,2018:10:05:22:19:55.455,10205.390
2018:10:05:23:03:59.978,2018:10:06:01:54:09.078,10209.100
2018:10:06:02:38:09.870,2018:10:06:05:28:22.721,10212.852
2018:10:06:06:12:19.741,2018:10:06:09:02:36.385,10216.644
2018:10:06:09:46:29.591,2018:10:06:12:36:50.069,10220.478
2018:10:06:13:20:39.420,2018:10:06:16:11:03.774,10224.354
2018:10:06:16:54:49.228,2018:10:06:19:45:17.500,10228.272
2018:10:06:20:28:59.014,2018:10:06:23:19:31.246,10232.233
2018:10:07:00:03:08.778,2018:10:07:02:53:45.014,10236.236
2018:10:07:03:37:18.519,2018:10:07:06:27:58.803,10240.284
2018:10:07:07:11:28.239,2018:10:07:10:02:12.614,10244.375
2018:10:07:10:45:37.936,2018:10:07:13:36:26.446,10248.510
2018:10:07:14:19:47.610,2018:10:07:17:10:40.302,10252.692
2018:10:07:17:53:57.261,2018:10:07:20:44:54.178,10256.918
2018:10:07:21:28:06.889,2018:10:08:00:19:08.075,10261.186
2018:10:08:01:02:16.493,2018:10:08:03:53:21.996,10265.503
2018:10:08:04:36:26.073,2018:10:08:07:27:35.940,10269.867
2018:10:08:08:10:35.629,2018:10:08:11:01:49.907,10274.278
2018:10:08:11:44:45.161,2018:10:08:14:36:03.899,10278.738
2018:10:08:15:18:54.668,2018:10:08:18:10:17.911,10283.242
2018:10:08:18:53:04.151,2018:10:08:21:44:31.951,10287.800
2018:10:08:22:27:13.608,2018:10:09:01:18:46.010,10292.403
2018:10:09:02:01:23.039,2018:10:09:04:53:00.096,10297.057
2018:10:09:05:35:32.445,2018:10:09:08:27:14.209,10301.764
2018:10:09:09:09:41.824,2018:10:09:12:01:28.344,10306.519
2018:10:09:12:43:51.177,2018:10:09:15:35:42.504,10311.326
2018:10:09:16:18:00.503,2018:10:09:19:09:56.691,10316.188
2018:10:09:19:52:09.802,2018:10:09:22:44:10.904,10321.101
2018:10:09:23:26:19.074,2018:10:10:02:18:25.144,10326.070
2018:10:10:03:00:28.318,2018:10:10:05:52:39.409,10331.092
2018:10:10:06:34:37.533,2018:10:10:09:26:53.700,10336.166
2018:10:10:10:08:46.721,2018:10:10:13:01:08.019,10341.299
2018:10:10:13:42:55.879,2018:10:10:16:35:22.366,10346.487
2018:10:10:17:17:05.008,2018:10:10:20:09:36.741,10351.733
2018:10:10:20:51:14.107,2018:10:10:23:43:51.144,10357.037
2018:10:11:00:25:23.177,2018:10:11:03:18:05.576,10362.399
2018:10:11:03:59:32.216,2018:10:11:06:52:20.037,10367.821
2018:10:11:07:33:41.224,2018:10:11:10:26:34.528,10373.303
2018:10:11:11:07:50.202,2018:10:11:14:00:49.048,10378.846
2018:10:11:14:41:59.147,2018:10:11:17:35:03.599,10384.451
2018:10:11:18:16:08.061,2018:10:11:21:09:18.180,10390.119
2018:10:11:21:50:16.943,2018:10:12:00:43:32.793,10395.850
2018:10:12:01:24:25.791,2018:10:12:04:17:47.437,10401.645
2018:10:12:04:58:34.607,2018:10:12:07:52:02.113,10407.506
2018:10:12:08:32:43.389,2018:10:12:11:26:16.821,10413.433
2018:10:12:12:06:52.137,2018:10:12:15:00:31.563,10419.426
2018:10:12:15:41:00.850,2018:10:12:18:34:46.338,10425.488
2018:10:12:19:15:09.528,2018:10:12:22:09:01.146,10431.618
2018:10:12:22:49:18.171,2018:10:13:01:43:15.989,10437.818
2018:10:13:02:23:26.778,2018:10:13:05:17:30.867,10444.089
2018:10:13:05:57:35.349,2018:10:13:08:51:45.780,10450.431
2018:10:13:09:31:43.883,2018:10:13:12:26:00.729,10456.846
2018:10:13:13:05:52.379,2018:10:13:16:00:15.714,10463.335
2018:10:13:16:40:00.838,2018:10:13:19:34:30.736,10469.898
2018:10:13:20:14:09.258,2018:10:13:23:08:45.796,10476.538
2018:10:13:23:48:17.639,2018:10:14:02:43:00.893,10483.254
2018:10:14:03:22:25.981,2018:10:14:06:17:16.029,10490.047
2018:10:14:06:56:34.283,2018:10:14:09:51:31.204,10496.920
2018:10:14:10:30:42.545,2018:10:14:13:25:46.419,10503.873
2018:10:14:14:04:50.766,2018:10:14:17:00:01.673,10510.908
2018:10:14:17:38:58.944,2018:10:14:20:34:16.969,10518.025
2018:10:14:21:13:07.081,2018:10:15:00:08:32.306,10525.225
2018:10:15:00:47:15.175,2018:10:15:03:42:47.685,10532.510
2018:10:15:04:21:23.226,2018:10:15:07:17:03.107,10539.882
2018:10:15:07:55:31.232,2018:10:15:10:51:18.573,10547.341
2018:10:15:11:29:39.194,2018:10:15:14:25:34.082,10554.888
2018:10:15:15:03:47.111,2018:10:15:17:59:49.636,10562.526
2018:10:15:18:37:54.981,2018:10:15:21:34:05.236,10570.254
2018:10:15:22:12:02.805,2018:10:16:01:08:20.881,10578.076
2018:10:16:01:46:10.582,2018:10:16:04:42:36.574,10585.992
2018:10:16:05:20:18.311,2018:10:16:08:16:52.314,10594.003
2018:10:16:08:54:25.991,2018:10:16:11:51:08.102,10602.111
2018:10:16:12:28:33.621,2018:10:16:15:25:23.940,10610.318
2018:10:16:16:02:41.202,2018:10:16:18:59:39.827,10618.625
2018:10:16:19:36:48.731,2018:10:16:22:33:55.765,10627.034
2018:10:16:23:10:56.209,2018:10:17:02:08:11.755,10635.546
2018:10:17:02:45:03.634,2018:10:17:05:42:27.797,10644.163
2018:10:17:06:19:11.006,2018:10:17:09:16:43.892,10652.886
2018:10:17:09:53:18.323,2018:10:17:12:51:00.042,10661.718
2018:10:17:13:27:25.586,2018:10:17:16:25:16.246,10670.661
2018:10:17:17:01:32.792,2018:10:17:19:59:32.507,10679.715
2018:10:17:20:35:39.942,2018:10:17:23:33:48.825,10688.883
2018:10:18:00:09:47.034,2018:10:18:03:08:05.200,10698.167
2018:10:18:03:43:54.066,2018:10:18:06:42:21.635,10707.569
2018:10:18:07:18:01.040,2018:10:18:10:16:38.131,10717.091
2018:10:18:10:52:07.952,2018:10:18:13:50:54.686,10726.734
2018:10:18:14:26:14.803,2018:10:18:17:25:11.304,10736.502
2018:10:18:18:00:21.590,2018:10:18:20:59:27.983,10746.393
2018:10:18:21:34:28.314,2018:10:19:00:33:44.731,10756.417
2018:10:19:01:08:34.973,2018:10:19:04:08:01.543,10766.570
2018:10:19:04:42:41.565,2018:10:19:07:42:18.418,10776.854
2018:10:19:08:16:48.090,2018:10:19:11:16:35.365,10787.275
2018:10:19:11:50:54.548,2018:10:19:14:50:52.381,10797.833
2018:10:19:15:25:00.934,2018:10:19:18:25:09.470,10808.536
2018:10:19:18:59:07.247,2018:10:19:21:59:26.628,10819.382
2018:10:19:22:33:13.489,2018:10:20:01:33:43.861,10830.372
2018:10:20:02:07:19.659,2018:10:20:05:08:01.166,10841.508
2018:10:20:05:41:25.750,2018:10:20:08:42:18.552,10852.803
2018:10:20:09:15:31.767,2018:10:20:12:16:36.014,10864.248
2018:10:20:12:49:37.702,2018:10:20:15:50:53.556,10875.855
2018:10:20:16:23:43.559,2018:10:20:19:25:11.177,10887.618
2018:10:20:19:57:49.336,2018:10:20:22:59:28.886,10899.550
2018:10:20:23:31:55.028,2018:10:21:02:33:46.678,10911.649
2018:10:21:03:06:00.633,2018:10:21:06:08:04.554,10923.921
2018:10:21:06:40:06.155,2018:10:21:09:42:22.521,10936.366
2018:10:21:10:14:11.583,2018:10:21:13:16:40.578,10948.995
2018:10:21:13:48:16.925,2018:10:21:16:50:58.730,10961.804
2018:10:21:17:22:22.172,2018:10:21:20:25:16.975,10974.803
2018:10:21:20:56:27.324,2018:10:21:23:59:35.318,10987.994
2018:10:22:00:30:32.377,2018:10:22:03:33:53.760,11001.382
2018:10:22:04:04:37.333,2018:10:22:07:08:12.303,11014.971
2018:10:22:07:38:42.186,2018:10:22:10:42:30.952,11028.766
2018:10:22:11:12:46.935,2018:10:22:14:16:49.707,11042.773
2018:10:22:14:46:51.576,2018:10:22:17:51:08.572,11056.996
2018:10:22:18:20:56.111,2018:10:22:21:25:27.550,11071.439
2018:10:22:21:55:00.528,2018:10:23:00:59:46.644,11086.116
2018:10:23:01:29:04.834,2018:10:23:04:34:05.856,11101.022
2018:10:23:05:03:09.019,2018:10:23:08:08:25.190,11116.171
2018:10:23:08:37:13.084,2018:10:23:11:42:44.650,11131.566
2018:10:23:12:11:17.020,2018:10:23:15:17:04.239,11147.219
2018:10:23:15:45:20.831,2018:10:23:18:51:23.960,11163.130
2018:10:23:19:19:24.504,2018:10:23:22:25:43.819,11179.315
2018:10:23:22:53:28.046,2018:10:24:02:00:03.819,11195.773
2018:10:24:02:27:31.444,2018:10:24:05:34:23.965,11212.520
2018:10:24:06:01:34.698,2018:10:24:09:08:44.261,11229.563
2018:10:24:09:35:37.801,2018:10:24:12:43:04.712,11246.911
2018:10:24:13:09:40.749,2018:10:24:16:17:25.324,11264.575
2018:10:24:16:43:43.537,2018:10:24:19:51:46.102,11282.565
2018:10:24:20:17:46.159,2018:10:24:23:26:07.052,11300.894
2018:10:24:23:51:48.608,2018:10:25:03:00:28.181,11319.573
2018:10:25:03:25:50.880,2018:10:25:06:34:49.496,11338.616
2018:10:25:06:59:52.965,2018:10:25:10:09:11.004,11358.039
2018:10:25:10:33:54.861,2018:10:25:13:43:32.712,11377.851
2018:10:25:14:07:56.552,2018:10:25:17:17:54.629,11398.077
2018:10:25:17:41:58.039,2018:10:25:20:52:16.765,11418.726
2018:10:25:21:15:59.305,2018:10:26:00:26:39.128,11439.823
2018:10:26:00:50:00.341,2018:10:26:04:01:01.730,11461.389
2018:10:26:04:24:01.145,2018:10:26:07:35:24.583,11483.439
2018:10:26:07:58:01.695,2018:10:26:11:09:47.699,11506.004
2018:10:26:11:32:01.983,2018:10:26:14:44:11.091,11529.108
2018:10:26:15:06:01.992,2018:10:26:18:18:34.775,11552.783
2018:10:26:18:40:01.715,2018:10:26:21:52:58.768,11577.053
2018:10:26:22:14:01.125,2018:10:27:01:27:23.089,11601.964
2018:10:27:01:48:00.210,2018:10:27:05:01:47.756,11627.546
2018:10:27:05:21:58.948,2018:10:27:08:36:12.794,11653.846
2018:10:27:08:55:57.316,2018:10:27:12:10:38.227,11680.912
2018:10:27:12:29:55.290,2018:10:27:15:45:04.086,11708.796
2018:10:27:16:03:52.837,2018:10:27:19:19:30.403,11737.566
2018:10:27:19:37:49.926,2018:10:27:22:53:57.212,11767.286
2018:10:27:23:11:46.517,2018:10:28:02:28:24.564,11798.047
2018:10:28:02:45:42.575,2018:10:28:06:02:52.506,11829.931
2018:10:28:06:19:38.041,2018:10:28:09:37:21.092,11863.051
2018:10:28:09:53:32.859,2018:10:28:13:11:50.400,11897.541
2018:10:28:13:27:26.958,2018:10:28:16:46:20.511,11933.552
2018:10:28:17:01:20.254,2018:10:28:20:20:51.528,11971.273
2018:10:28:20:35:12.644,2018:10:28:23:55:23.580,12010.936
2018:10:29:00:09:03.999,2018:10:29:03:29:56.827,12052.827
2018:10:29:03:42:54.158,2018:10:29:07:04:31.483,12097.326
2018:10:29:07:16:42.907,2018:10:29:10:39:07.833,12144.926
2018:10:29:10:50:29.962,2018:10:29:14:13:46.274,12196.312
2018:10:29:14:24:14.928,2018:10:29:17:48:27.396,12252.468
2018:10:29:17:57:57.213,2018:10:29:21:23:12.137,12314.924
2018:10:29:21:31:35.875,2018:10:30:00:58:02.166,12386.291
2018:10:30:01:05:09.251,2018:10:30:04:33:01.108,12471.857
2018:10:30:04:38:33.714,2018:10:30:08:08:21.095,12587.381
2018:10:30:08:11:37.130,2019:01:21:02:37:02.351,7151125.222
2019:01:21:07:57:12.765,2019:02:06:22:14:40.555,1433847.790
2019:02:06:22:17:22.076,2019:02:07:01:47:37.496,12615.420
2019:02:07:01:52:48.531,2019:02:07:05:21:00.416,12491.885
2019:02:07:05:27:49.010,2019:02:07:08:54:33.141,12404.131
2019:02:07:09:02:39.676,2019:02:07:12:28:11.499,12331.823
2019:02:07:12:37:24.717,2019:02:07:16:01:53.641,12268.924
2019:02:07:16:12:05.972,2019:02:07:19:35:38.556,12212.584
2019:02:07:19:46:44.454,2019:02:07:23:09:25.618,12161.164
2019:02:07:23:21:20.788,2019:02:08:02:43:14.413,12113.625
2019:02:08:02:55:55.392,2019:02:08:06:17:04.637,12069.244
2019:02:08:06:30:28.565,2019:02:08:09:50:56.071,12027.507
2019:02:08:10:05:00.525,2019:02:08:13:24:48.554,11988.030
2019:02:08:13:39:31.440,2019:02:08:16:58:41.947,11950.507
2019:02:08:17:14:01.442,2019:02:08:20:32:36.147,11914.705
2019:02:08:20:48:30.638,2019:02:09:00:06:31.067,11880.429
2019:02:09:00:22:59.114,2019:02:09:03:40:26.632,11847.518
2019:02:09:03:57:26.942,2019:02:09:07:14:22.788,11815.846
2019:02:09:07:31:54.181,2019:02:09:10:48:19.479,11785.297
2019:02:09:11:06:20.885,2019:02:09:14:22:16.662,11755.777
2019:02:09:14:40:47.095,2019:02:09:17:56:14.299,11727.204
2019:02:09:18:15:12.852,2019:02:09:21:30:12.356,11699.504
2019:02:09:21:49:38.189,2019:02:10:01:04:10.804,11672.614
2019:02:10:01:24:03.133,2019:02:10:04:38:09.616,11646.483
2019:02:10:04:58:27.714,2019:02:10:08:12:08.770,11621.056
2019:02:10:08:32:51.953,2019:02:10:11:46:08.243,11596.291
2019:02:10:12:07:15.871,2019:02:10:15:20:08.021,11572.150
2019:02:10:15:41:39.487,2019:02:10:18:54:08.081,11548.595
2019:02:10:19:16:02.818,2019:02:10:22:28:08.411,11525.594
2019:02:10:22:50:25.881,2019:02:11:02:02:08.997,11503.116
2019:02:11:02:24:48.686,2019:02:11:05:36:09.822,11481.137
2019:02:11:05:59:11.247,2019:02:11:09:10:10.881,11459.634
2019:02:11:09:33:33.578,2019:02:11:12:44:12.161,11438.583
2019:02:11:13:07:55.687,2019:02:11:16:18:13.650,11417.963
2019:02:11:16:42:17.586,2019:02:11:19:52:15.341,11397.755
2019:02:11:20:16:39.283,2019:02:11:23:26:17.225,11377.942
2019:02:11:23:51:00.787,2019:02:12:03:00:19.293,11358.506
2019:02:12:03:25:22.105,2019:02:12:06:34:21.539,11339.434
2019:02:12:06:59:43.246,2019:02:12:10:08:23.955,11320.710
2019:02:12:10:34:04.215,2019:02:12:13:42:26.536,11302.322
2019:02:12:14:08:25.019,2019:02:12:17:16:29.275,11284.256
2019:02:12:17:42:45.663,2019:02:12:20:50:32.167,11266.504
2019:02:12:21:17:06.157,2019:02:13:00:24:35.206,11249.049
2019:02:13:00:51:26.502,2019:02:13:03:58:38.388,11231.886
2019:02:13:04:25:46.704,2019:02:13:07:32:41.707,11215.004
2019:02:13:08:00:06.767,2019:02:13:11:06:45.164,11198.396
2019:02:13:11:34:26.697,2019:02:13:14:40:48.743,11182.046
2019:02:13:15:08:46.500,2019:02:13:18:14:52.451,11165.951
2019:02:13:18:43:06.174,2019:02:13:21:48:56.284,11150.109
2019:02:13:22:17:25.726,2019:02:14:01:23:00.229,11134.503
2019:02:14:01:51:45.160,2019:02:14:04:57:04.292,11119.132
2019:02:14:05:26:04.478,2019:02:14:08:31:08.468,11103.990
2019:02:14:09:00:23.684,2019:02:14:12:05:12.754,11089.070
2019:02:14:12:34:42.781,2019:02:14:15:39:17.142,11074.361
2019:02:14:16:09:01.771,2019:02:14:19:13:21.638,11059.866
2019:02:14:19:43:20.658,2019:02:14:22:47:26.232,11045.574
2019:02:14:23:17:39.444,2019:02:15:02:21:30.925,11031.481
2019:02:15:02:51:58.132,2019:02:15:05:55:35.715,11017.583
2019:02:15:06:26:16.723,2019:02:15:09:29:40.595,11003.872
2019:02:15:10:00:35.215,2019:02:15:13:03:45.573,10990.358
2019:02:15:13:34:53.625,2019:02:15:16:37:50.638,10977.013
2019:02:15:17:09:11.938,2019:02:15:20:11:55.791,10963.853
2019:02:15:20:43:30.168,2019:02:15:23:46:01.030,10950.862
2019:02:16:00:17:48.310,2019:02:16:03:20:06.354,10938.044
2019:02:16:03:52:06.367,2019:02:16:06:54:11.760,10925.393
2019:02:16:07:26:24.340,2019:02:16:10:28:17.247,10912.907
2019:02:16:11:00:42.231,2019:02:16:14:02:22.815,10900.583
2019:02:16:14:35:00.046,2019:02:16:17:36:28.460,10888.414
2019:02:16:18:09:17.783,2019:02:16:21:10:34.182,10876.399
2019:02:16:21:43:35.444,2019:02:17:00:44:39.980,10864.536
2019:02:17:01:17:53.029,2019:02:17:04:18:45.851,10852.822
2019:02:17:04:52:10.542,2019:02:17:07:52:51.794,10841.252
2019:02:17:08:26:27.982,2019:02:17:11:26:57.810,10829.828
2019:02:17:12:00:45.351,2019:02:17:15:01:03.897,10818.546
2019:02:17:15:35:02.652,2019:02:17:18:35:10.053,10807.401
2019:02:17:19:09:19.882,2019:02:17:22:09:16.278,10796.396
2019:02:17:22:43:37.045,2019:02:18:01:43:22.570,10785.525
2019:02:18:02:17:54.141,2019:02:18:05:17:28.929,10774.788
2019:02:18:05:52:11.172,2019:02:18:08:51:35.353,10764.181
2019:02:18:09:26:28.136,2019:02:18:12:25:41.842,10753.706
2019:02:18:13:00:45.039,2019:02:18:15:59:48.394,10743.355
2019:02:18:16:35:01.879,2019:02:18:19:33:55.010,10733.130
2019:02:18:20:09:18.658,2019:02:18:23:08:01.687,10723.029
2019:02:18:23:43:35.376,2019:02:19:02:42:08.425,10713.050
2019:02:19:03:17:52.034,2019:02:19:06:16:15.224,10703.190
2019:02:19:06:52:08.633,2019:02:19:09:50:22.083,10693.450
2019:02:19:10:26:25.174,2019:02:19:13:24:29.000,10683.826
2019:02:19:14:00:41.657,2019:02:19:16:58:35.976,10674.319
2019:02:19:17:34:58.086,2019:02:19:20:32:43.009,10664.922
2019:02:19:21:09:14.457,2019:02:20:00:06:50.099,10655.641
2019:02:20:00:43:30.773,2019:02:20:03:40:57.245,10646.472
2019:02:20:04:17:47.032,2019:02:20:07:15:04.446,10637.414
2019:02:20:07:52:03.240,2019:02:20:10:49:11.702,10628.463
2019:02:20:11:26:19.396,2019:02:20:14:23:19.012,10619.616
2019:02:20:15:00:35.498,2019:02:20:17:57:26.376,10610.878
2019:02:20:18:34:51.547,2019:02:20:21:31:33.793,10602.246
2019:02:20:22:09:07.548,2019:02:21:01:05:41.262,10593.714
2019:02:21:01:43:23.498,2019:02:21:04:39:48.783,10585.284
2019:02:21:05:17:39.396,2019:02:21:08:13:56.354,10576.958
2019:02:21:08:51:55.246,2019:02:21:11:48:03.977,10568.731
2019:02:21:12:26:11.045,2019:02:21:15:22:11.649,10560.604
2019:02:21:16:00:26.798,2019:02:21:18:56:19.370,10552.573
2019:02:21:19:34:42.507,2019:02:21:22:30:27.141,10544.634
2019:02:21:23:08:58.166,2019:02:22:02:04:34.959,10536.794
2019:02:22:02:43:13.776,2019:02:22:05:38:42.829,10529.053
2019:02:22:06:17:29.346,2019:02:22:09:12:50.739,10521.393
2019:02:22:09:51:44.868,2019:02:22:12:46:58.699,10513.831
2019:02:22:13:26:00.343,2019:02:22:16:21:06.707,10506.365
2019:02:22:17:00:15.779,2019:02:22:19:55:14.757,10498.978
2019:02:22:20:34:31.169,2019:02:22:23:29:22.853,10491.684
2019:02:23:00:08:46.514,2019:02:23:03:03:30.994,10484.480
2019:02:23:03:43:01.818,2019:02:23:06:37:39.182,10477.364
2019:02:23:07:17:17.081,2019:02:23:10:11:47.407,10470.326
2019:02:23:10:51:32.305,2019:02:23:13:45:55.678,10463.373
2019:02:23:14:25:47.483,2019:02:23:17:20:03.992,10456.509
2019:02:23:18:00:02.626,2019:02:23:20:54:12.348,10449.722
2019:02:23:21:34:17.723,2019:02:24:00:28:20.745,10443.022
2019:02:24:01:08:32.783,2019:02:24:04:02:29.182,10436.399
2019:02:24:04:42:47.805,2019:02:24:07:36:37.661,10429.856
2019:02:24:08:17:02.788,2019:02:24:11:10:46.179,10423.391
2019:02:24:11:51:17.736,2019:02:24:14:44:54.737,10417.001
2019:02:24:15:25:32.640,2019:02:24:18:19:03.333,10410.693
2019:02:24:18:59:47.510,2019:02:24:21:53:11.969,10404.458
2019:02:24:22:34:02.344,2019:02:25:01:27:20.644,10398.300
2019:02:25:02:08:17.144,2019:02:25:05:01:29.355,10392.211
2019:02:25:05:42:31.905,2019:02:25:08:35:38.103,10386.198
2019:02:25:09:16:46.628,2019:02:25:12:09:46.888,10380.260
2019:02:25:12:51:01.319,2019:02:25:15:43:55.709,10374.390
2019:02:25:16:25:15.978,2019:02:25:19:18:04.566,10368.588
2019:02:25:19:59:30.597,2019:02:25:22:52:13.458,10362.861
2019:02:25:23:33:45.186,2019:02:26:02:26:22.386,10357.200
2019:02:26:03:07:59.743,2019:02:26:06:00:31.348,10351.604
2019:02:26:06:42:14.262,2019:02:26:09:34:40.344,10346.082
2019:02:26:10:16:28.751,2019:02:26:13:08:49.373,10340.622
2019:02:26:13:50:43.211,2019:02:26:16:42:58.436,10335.225
2019:02:26:17:24:57.633,2019:02:26:20:17:07.532,10329.900
2019:02:26:20:59:12.026,2019:02:26:23:51:16.661,10324.635
2019:02:27:00:33:26.388,2019:02:27:03:25:25.822,10319.434
2019:02:27:04:07:40.719,2019:02:27:06:59:35.014,10314.295
2019:02:27:07:41:55.020,2019:02:27:10:33:44.238,10309.218
2019:02:27:11:16:09.291,2019:02:27:14:07:53.493,10304.203
2019:02:27:14:50:23.531,2019:02:27:17:42:02.779,10299.248
2019:02:27:18:24:37.742,2019:02:27:21:16:12.095,10294.353
2019:02:27:21:58:51.924,2019:02:28:00:50:21.441,10289.517
2019:02:28:01:33:06.080,2019:02:28:04:24:30.816,10284.736
2019:02:28:05:07:20.205,2019:02:28:07:58:40.221,10280.016
2019:02:28:08:41:34.298,2019:02:28:11:32:49.655,10275.357
2019:02:28:12:15:48.366,2019:02:28:15:06:59.117,10270.751
2019:02:28:15:50:02.407,2019:02:28:18:41:08.608,10266.201
2019:02:28:19:24:16.422,2019:02:28:22:15:18.127,10261.704
2019:02:28:22:58:30.406,2019:03:01:01:49:27.673,10257.267
2019:03:01:02:32:44.365,2019:03:01:05:23:37.247,10252.882
2019:03:01:06:06:58.298,2019:03:01:08:57:46.847,10248.550
2019:03:01:09:41:12.204,2019:03:01:12:31:56.475,10244.271
2019:03:01:13:15:26.087,2019:03:01:16:06:06.128,10240.041
2019:03:01:16:49:39.939,2019:03:01:19:40:15.808,10235.870
2019:03:01:20:23:53.767,2019:03:01:23:14:25.514,10231.746
2019:03:01:23:58:07.571,2019:03:02:02:48:35.245,10227.674
2019:03:02:03:32:21.350,2019:03:02:06:22:45.002,10223.652
2019:03:02:07:06:35.103,2019:03:02:09:56:54.783,10219.680
2019:03:02:10:40:48.833,2019:03:02:13:31:04.589,10215.757
2019:03:02:14:15:02.537,2019:03:02:17:05:14.420,10211.883
2019:03:02:17:49:16.222,2019:03:02:20:39:24.275,10208.053
2019:03:02:21:23:29.875,2019:03:03:00:13:34.154,10204.279
2019:03:03:00:57:43.508,2019:03:03:03:47:44.057,10200.549
2019:03:03:04:31:57.118,2019:03:03:07:21:53.983,10196.865
2019:03:03:08:06:10.704,2019:03:03:10:56:03.932,10193.228
2019:03:03:11:40:24.268,2019:03:03:14:30:13.905,10189.637
2019:03:03:15:14:37.808,2019:03:03:18:04:23.900,10186.091
2019:03:03:18:48:51.331,2019:03:03:21:38:33.917,10182.586
2019:03:03:22:23:04.821,2019:03:04:01:12:43.957,10179.136
2019:03:04:01:57:18.295,2019:03:04:04:46:54.019,10175.724
2019:03:04:05:31:31.746,2019:03:04:08:21:04.103,10172.357
2019:03:04:09:05:45.178,2019:03:04:11:55:14.208,10169.030
2019:03:04:12:39:58.582,2019:03:04:15:29:24.335,10165.753
2019:03:04:16:14:11.968,2019:03:04:19:03:34.484,10162.516
2019:03:04:19:48:25.332,2019:03:04:22:37:44.653,10159.321
2019:03:04:23:22:38.679,2019:03:05:02:11:54.843,10156.164
2019:03:05:02:56:52.000,2019:03:05:05:46:05.051,10153.051
2019:03:05:06:31:05.298,2019:03:05:09:20:15.283,10149.984
2019:03:05:10:05:18.582,2019:03:05:12:54:25.534,10146.952
2019:03:05:13:39:31.838,2019:03:05:16:28:35.806,10143.967
2019:03:05:17:13:45.081,2019:03:05:20:02:46.097,10141.017
2019:03:05:20:47:58.300,2019:03:05:23:36:56.409,10138.109
2019:03:06:00:22:11.498,2019:03:06:03:11:06.740,10135.241
2019:03:06:03:56:24.677,2019:03:06:06:45:17.090,10132.413
2019:03:06:07:30:37.832,2019:03:06:10:19:27.460,10129.627
2019:03:06:11:04:50.974,2019:03:06:13:53:37.848,10126.874
2019:03:06:14:39:04.094,2019:03:06:17:27:48.256,10124.163
2019:03:06:18:13:17.190,2019:03:06:21:01:58.683,10121.493
2019:03:06:21:47:30.271,2019:03:07:00:36:09.128,10118.858
2019:03:07:01:21:43.335,2019:03:07:04:10:19.592,10116.257
2019:03:07:04:55:56.373,2019:03:07:07:44:30.074,10113.701
2019:03:07:08:30:09.399,2019:03:07:11:18:40.575,10111.176
2019:03:07:12:04:22.400,2019:03:07:14:52:51.093,10108.694
2019:03:07:15:38:35.385,2019:03:07:18:27:01.630,10106.245
2019:03:07:19:12:48.353,2019:03:07:22:01:12.185,10103.831
2019:03:07:22:47:01.301,2019:03:08:01:35:22.757,10101.456
2019:03:08:02:21:14.227,2019:03:08:05:09:33.347,10099.121
2019:03:08:05:55:27.140,2019:03:08:08:43:43.955,10096.815
2019:03:08:09:29:40.029,2019:03:08:12:17:54.580,10094.551
2019:03:08:13:03:52.903,2019:03:08:15:52:05.223,10092.320
2019:03:08:16:38:05.758,2019:03:08:19:26:15.883,10090.124
2019:03:08:20:12:18.596,2019:03:08:23:00:26.560,10087.964
2019:03:08:23:46:31.417,2019:03:09:02:34:37.254,10085.837
2019:03:09:03:20:44.216,2019:03:09:06:08:47.965,10083.749
2019:03:09:06:54:57.003,2019:03:09:09:42:58.693,10081.690
2019:03:09:10:29:09.767,2019:03:09:13:17:09.438,10079.671
2019:03:09:14:03:22.512,2019:03:09:16:51:20.199,10077.687
2019:03:09:17:37:35.242,2019:03:09:20:25:30.978,10075.735
2019:03:09:21:11:47.956,2019:03:09:23:59:41.773,10073.817
2019:03:10:00:46:00.648,2019:03:10:03:33:52.584,10071.936
2019:03:10:04:20:13.325,2019:03:10:07:08:03.412,10070.087
2019:03:10:07:54:25.987,2019:03:10:10:42:14.257,10068.270
2019:03:10:11:28:38.629,2019:03:10:14:16:25.118,10066.489
2019:03:10:15:02:51.253,2019:03:10:17:50:35.995,10064.742
2019:03:10:18:37:03.860,2019:03:10:21:24:46.888,10063.028
2019:03:10:22:11:16.450,2019:03:11:00:58:57.798,10061.348
2019:03:11:01:45:29.023,2019:03:11:04:33:08.724,10059.701
2019:03:11:05:19:41.578,2019:03:11:08:07:19.667,10058.088
2019:03:11:08:53:54.116,2019:03:11:11:41:30.625,10056.508
2019:03:11:12:28:06.638,2019:03:11:15:15:41.599,10054.962
2019:03:11:16:02:19.141,2019:03:11:18:49:52.590,10053.449
2019:03:11:19:36:31.628,2019:03:11:22:24:03.597,10051.969
2019:03:11:23:10:44.098,2019:03:12:01:58:14.620,10050.522
2019:03:12:02:44:56.551,2019:03:12:05:32:25.658,10049.108
2019:03:12:06:19:08.986,2019:03:12:09:06:36.713,10047.727
2019:03:12:09:53:21.405,2019:03:12:12:40:47.784,10046.379
2019:03:12:13:27:33.807,2019:03:12:16:14:58.871,10045.065
2019:03:12:17:01:46.191,2019:03:12:19:49:09.974,10043.783
2019:03:12:20:35:58.559,2019:03:12:23:23:21.093,10042.534
2019:03:13:00:10:10.910,2019:03:13:02:57:32.228,10041.318
2019:03:13:03:44:23.244,2019:03:13:06:31:43.379,10040.135
2019:03:13:07:18:35.558,2019:03:13:10:05:54.546,10038.988
2019:03:13:10:52:47.858,2019:03:13:13:40:05.729,10037.871
2019:03:13:14:27:00.142,2019:03:13:17:14:16.928,10036.787
2019:03:13:18:01:12.408,2019:03:13:20:48:28.144,10035.736
2019:03:13:21:35:24.657,2019:03:14:00:22:39.375,10034.718
2019:03:14:01:09:36.890,2019:03:14:03:56:50.622,10033.733
2019:03:14:04:43:49.105,2019:03:14:07:31:01.886,10032.781
2019:03:14:08:18:01.304,2019:03:14:11:05:13.166,10031.862
2019:03:14:11:52:13.486,2019:03:14:14:39:24.462,10030.976
2019:03:14:15:26:25.651,2019:03:14:18:13:35.774,10030.123
2019:03:14:19:00:37.799,2019:03:14:21:47:47.103,10029.304
2019:03:14:22:34:49.930,2019:03:15:01:21:58.447,10028.517
2019:03:15:02:09:02.045,2019:03:15:04:56:09.809,10027.764
2019:03:15:05:43:14.142,2019:03:15:08:30:21.186,10027.044
2019:03:15:09:17:26.222,2019:03:15:12:04:32.580,10026.358
2019:03:15:12:51:38.286,2019:03:15:15:38:43.991,10025.705
2019:03:15:16:25:50.333,2019:03:15:19:12:55.418,10025.085
2019:03:15:20:00:02.362,2019:03:15:22:47:06.861,10024.499
2019:03:15:23:34:14.375,2019:03:16:02:21:18.322,10023.947
2019:03:16:03:08:26.371,2019:03:16:05:55:29.799,10023.428
2019:03:16:06:42:38.350,2019:03:16:09:29:41.292,10022.942
2019:03:16:10:16:50.312,2019:03:16:13:03:52.803,10022.491
2019:03:16:13:51:02.256,2019:03:16:16:38:04.334,10022.078
2019:03:16:17:25:14.184,2019:03:16:20:12:15.878,10021.694
2019:03:16:20:59:26.095,2019:03:16:23:46:27.440,10021.345
2019:03:17:00:33:37.989,2019:03:17:03:20:39.014,10021.024
2019:03:17:04:07:49.866,2019:03:17:06:54:50.609,10020.743
2019:03:17:07:42:01.726,2019:03:17:10:29:02.221,10020.496
2019:03:17:11:16:13.568,2019:03:17:14:03:13.851,10020.282
2019:03:17:14:50:25.394,2019:03:17:17:37:25.500,10020.107
2019:03:17:18:24:37.202,2019:03:17:21:11:37.164,10019.962
2019:03:17:21:58:48.994,2019:03:18:00:45:48.846,10019.852
2019:03:18:01:33:00.768,2019:03:18:04:20:00.544,10019.776
2019:03:18:05:07:12.525,2019:03:18:07:54:12.263,10019.738
2019:03:18:08:41:24.271,2019:03:18:11:28:23.992,10019.722
2019:03:18:12:15:35.989,2019:03:18:15:02:35.746,10019.757
2019:03:18:15:49:47.694,2019:03:18:18:36:47.515,10019.821
2019:03:18:19:23:59.383,2019:03:18:22:10:59.302,10019.919
2019:03:18:22:58:11.055,2019:03:19:01:45:11.107,10020.052
2019:03:19:02:32:22.709,2019:03:19:05:19:22.929,10020.220
2019:03:19:06:06:34.346,2019:03:19:08:53:34.770,10020.423
2019:03:19:09:40:45.967,2019:03:19:12:27:46.624,10020.657
2019:03:19:13:14:57.569,2019:03:19:16:01:58.500,10020.930
2019:03:19:16:49:09.155,2019:03:19:19:36:10.398,10021.243
2019:03:19:20:23:20.724,2019:03:19:23:10:22.305,10021.581
2019:03:19:23:57:32.275,2019:03:20:02:44:34.239,10021.964
2019:03:20:03:31:43.810,2019:03:20:06:18:46.183,10022.373
2019:03:20:07:05:55.327,2019:03:20:09:52:58.149,10022.822
2019:03:20:10:40:06.827,2019:03:20:13:27:10.133,10023.306
2019:03:20:14:14:18.310,2019:03:20:17:01:22.135,10023.825
2019:03:20:17:48:29.776,2019:03:20:20:35:34.155,10024.380
2019:03:20:21:22:41.224,2019:03:21:00:09:46.194,10024.970
2019:03:21:00:56:52.656,2019:03:21:03:43:58.250,10025.595
2019:03:21:04:31:04.070,2019:03:21:07:18:10.325,10026.255
2019:03:21:08:05:15.467,2019:03:21:10:52:22.418,10026.951
2019:03:21:11:39:26.847,2019:03:21:14:26:34.530,10027.682
2019:03:21:15:13:38.210,2019:03:21:18:00:46.659,10028.449
2019:03:21:18:47:49.556,2019:03:21:21:34:58.807,10029.251
2019:03:21:22:22:00.885,2019:03:22:01:09:10.973,10030.088
2019:03:22:01:56:12.197,2019:03:22:04:43:23.158,10030.961
2019:03:22:05:30:23.492,2019:03:22:08:17:35.360,10031.869
2019:03:22:09:04:34.769,2019:03:22:11:51:47.581,10032.812
2019:03:22:12:38:46.030,2019:03:22:15:25:59.820,10033.790
2019:03:22:16:12:57.273,2019:03:22:19:00:12.078,10034.804
2019:03:22:19:47:08.500,2019:03:22:22:34:24.353,10035.853
2019:03:22:23:21:19.710,2019:03:23:02:08:36.647,10036.937
2019:03:23:02:55:30.902,2019:03:23:05:42:48.959,10038.057
2019:03:23:06:29:42.078,2019:03:23:09:17:01.289,10039.211
2019:03:23:10:03:53.236,2019:03:23:12:51:13.637,10040.401
2019:03:23:13:38:04.378,2019:03:23:16:25:26.004,10041.626
2019:03:23:17:12:15.502,2019:03:23:19:59:38.388,10042.886
2019:03:23:20:46:26.612,2019:03:23:23:33:50.791,10044.179
2019:03:24:00:20:37.702,2019:03:24:03:08:03.212,10045.509
2019:03:24:03:54:48.776,2019:03:24:06:42:15.651,10046.875
2019:03:24:07:28:59.833,2019:03:24:10:16:28.108,10048.275
2019:03:24:11:03:10.872,2019:03:24:13:50:40.583,10049.711
2019:03:24:14:37:21.895,2019:03:24:17:24:53.076,10051.181
2019:03:24:18:11:32.901,2019:03:24:20:59:05.587,10052.687
2019:03:24:21:45:43.889,2019:03:25:00:33:18.116,10054.227
2019:03:25:01:19:54.861,2019:03:25:04:07:30.663,10055.802
2019:03:25:04:54:05.816,2019:03:25:07:41:43.228,10057.413
2019:03:25:08:28:16.753,2019:03:25:11:15:55.811,10059.058
2019:03:25:12:02:27.674,2019:03:25:14:50:08.412,10060.738
2019:03:25:15:36:38.578,2019:03:25:18:24:21.031,10062.453
2019:03:25:19:10:49.465,2019:03:25:21:58:33.668,10064.203
2019:03:25:22:45:00.334,2019:03:26:01:32:46.323,10065.988
2019:03:26:02:19:11.187,2019:03:26:05:06:58.995,10067.808
2019:03:26:05:53:22.023,2019:03:26:08:41:11.685,10069.663
2019:03:26:09:27:32.841,2019:03:26:12:15:24.394,10071.553
2019:03:26:13:01:43.642,2019:03:26:15:49:37.120,10073.477
2019:03:26:16:35:54.427,2019:03:26:19:23:49.863,10075.437
2019:03:26:20:10:05.192,2019:03:26:22:58:02.625,10077.433
2019:03:26:23:44:15.944,2019:03:27:02:32:15.404,10079.461
2019:03:27:03:18:26.677,2019:03:27:06:06:28.202,10081.525
2019:03:27:06:52:37.392,2019:03:27:09:40:41.017,10083.625
2019:03:27:10:26:48.091,2019:03:27:13:14:53.850,10085.759
2019:03:27:14:00:58.772,2019:03:27:16:49:06.700,10087.929
2019:03:27:17:35:09.435,2019:03:27:20:23:19.569,10090.134
2019:03:27:21:09:20.080,2019:03:27:23:57:32.455,10092.375
2019:03:28:00:43:30.709,2019:03:28:03:31:45.359,10094.651
2019:03:28:04:17:41.320,2019:03:28:07:05:58.281,10096.961
2019:03:28:07:51:51.914,2019:03:28:10:40:11.221,10099.307
2019:03:28:11:26:02.493,2019:03:28:14:14:24.179,10101.686
2019:03:28:15:00:13.052,2019:03:28:17:48:37.154,10104.103
2019:03:28:18:34:23.590,2019:03:28:21:22:50.148,10106.557
2019:03:28:22:08:34.117,2019:03:29:00:57:03.159,10109.043
2019:03:29:01:42:44.622,2019:03:29:04:31:16.188,10111.566
2019:03:29:05:16:55.108,2019:03:29:08:05:29.235,10114.128
2019:03:29:08:51:05.579,2019:03:29:11:39:42.301,10116.722
2019:03:29:12:25:16.031,2019:03:29:15:13:55.384,10119.352
2019:03:29:15:59:26.467,2019:03:29:18:48:08.485,10122.018
2019:03:29:19:33:36.884,2019:03:29:22:22:21.604,10124.721
2019:03:29:23:07:47.279,2019:03:30:01:56:34.742,10127.462
2019:03:30:02:41:57.662,2019:03:30:05:30:47.897,10130.235
2019:03:30:06:16:08.024,2019:03:30:09:05:01.071,10133.047
2019:03:30:09:50:18.367,2019:03:30:12:39:14.263,10135.895
2019:03:30:13:24:28.690,2019:03:30:16:13:27.473,10138.784
2019:03:30:16:58:38.999,2019:03:30:19:47:40.702,10141.703
2019:03:30:20:32:49.287,2019:03:30:23:21:53.951,10144.664
2019:03:31:00:06:59.556,2019:03:31:02:56:07.216,10147.660
2019:03:31:03:41:09.804,2019:03:31:06:30:20.500,10150.696
2019:03:31:07:15:20.036,2019:03:31:10:04:33.803,10153.767
2019:03:31:10:49:30.251,2019:03:31:13:38:47.124,10156.872
2019:03:31:14:23:40.442,2019:03:31:17:13:00.464,10160.022
2019:03:31:17:57:50.617,2019:03:31:20:47:13.822,10163.206
2019:03:31:21:32:00.775,2019:04:01:00:21:27.200,10166.425
2019:04:01:01:06:10.911,2019:04:01:03:55:40.596,10169.686
2019:04:01:04:40:21.027,2019:04:01:07:29:54.012,10172.985
2019:04:01:08:14:31.121,2019:04:01:11:04:07.447,10176.326
2019:04:01:11:48:41.198,2019:04:01:14:38:20.900,10179.702
2019:04:01:15:22:51.255,2019:04:01:18:12:34.374,10183.119
2019:04:01:18:57:01.296,2019:04:01:21:46:47.866,10186.571
2019:04:01:22:31:11.313,2019:04:02:01:21:01.378,10190.066
2019:04:02:02:05:21.309,2019:04:02:04:55:14.910,10193.601
2019:04:02:05:39:31.282,2019:04:02:08:29:28.462,10197.179
2019:04:02:09:13:41.242,2019:04:02:12:03:42.033,10200.792
2019:04:02:12:47:51.177,2019:04:02:15:37:55.625,10204.448
2019:04:02:16:22:01.091,2019:04:02:19:12:09.236,10208.145
2019:04:02:19:56:10.985,2019:04:02:22:46:22.868,10211.883
2019:04:02:23:30:20.853,2019:04:03:02:20:36.520,10215.668
2019:04:03:03:04:30.703,2019:04:03:05:54:50.193,10219.490
2019:04:03:06:38:40.532,2019:04:03:09:29:03.887,10223.354
2019:04:03:10:12:50.340,2019:04:03:13:03:17.601,10227.261
2019:04:03:13:47:00.125,2019:04:03:16:37:31.336,10231.211
2019:04:03:17:21:09.889,2019:04:03:20:11:45.093,10235.204
2019:04:03:20:55:19.630,2019:04:03:23:45:58.871,10239.241
2019:04:04:00:29:29.349,2019:04:04:03:20:12.670,10243.322
2019:04:04:04:03:39.045,2019:04:04:06:54:26.491,10247.447
2019:04:04:07:37:48.721,2019:04:04:10:28:40.334,10251.613
2019:04:04:11:11:58.368,2019:04:04:14:02:54.199,10255.832
2019:04:04:14:46:07.994,2019:04:04:17:37:08.087,10260.092
2019:04:04:18:20:17.601,2019:04:04:21:11:21.997,10264.396
2019:04:04:21:54:27.177,2019:04:05:00:45:35.930,10268.753
2019:04:05:01:28:36.733,2019:04:05:04:19:49.885,10273.153
2019:04:05:05:02:46.264,2019:04:05:07:54:03.864,10277.600
2019:04:05:08:36:55.770,2019:04:05:11:28:17.866,10282.096
2019:04:05:12:11:05.252,2019:04:05:15:02:31.892,10286.640
2019:04:05:15:45:14.709,2019:04:05:18:36:45.942,10291.233
2019:04:05:19:19:24.141,2019:04:05:22:11:00.016,10295.875
2019:04:05:22:53:33.547,2019:04:06:01:45:14.114,10300.568
2019:04:06:02:27:42.927,2019:04:06:05:19:28.238,10305.310
2019:04:06:06:01:52.281,2019:04:06:08:53:42.386,10310.104
2019:04:06:09:36:01.609,2019:04:06:12:27:56.559,10314.950
2019:04:06:13:10:10.913,2019:04:06:16:02:10.758,10319.845
2019:04:06:16:44:20.184,2019:04:06:19:36:24.983,10324.798
2019:04:06:20:18:29.431,2019:04:06:23:10:39.233,10329.802
2019:04:06:23:52:38.653,2019:04:07:02:44:53.511,10334.858
2019:04:07:03:26:47.844,2019:04:07:06:19:07.815,10339.971
2019:04:07:07:00:57.004,2019:04:07:09:53:22.146,10345.142
2019:04:07:10:35:06.141,2019:04:07:13:27:36.505,10350.364
2019:04:07:14:09:15.244,2019:04:07:17:01:50.892,10355.648
2019:04:07:17:43:24.323,2019:04:07:20:36:05.307,10360.984
2019:04:07:21:17:33.366,2019:04:08:00:10:19.750,10366.384
2019:04:08:00:51:42.385,2019:04:08:03:44:34.222,10371.837
2019:04:08:04:25:51.368,2019:04:08:07:18:48.724,10377.356
2019:04:08:08:00:00.326,2019:04:08:10:53:03.255,10382.929
2019:04:08:11:34:09.250,2019:04:08:14:27:17.817,10388.567
2019:04:08:15:08:18.142,2019:04:08:18:01:32.409,10394.267
2019:04:08:18:42:26.999,2019:04:08:21:35:47.032,10400.032
2019:04:08:22:16:35.827,2019:04:09:01:10:01.686,10405.859
2019:04:09:01:50:44.622,2019:04:09:04:44:16.373,10411.750
2019:04:09:05:24:53.387,2019:04:09:08:18:31.091,10417.705
2019:04:09:08:59:02.114,2019:04:09:11:52:45.842,10423.728
2019:04:09:12:33:10.808,2019:04:09:15:27:00.627,10429.819
2019:04:09:16:07:19.467,2019:04:09:19:01:15.445,10435.978
2019:04:09:19:41:28.089,2019:04:09:22:35:30.297,10442.208
2019:04:09:23:15:36.677,2019:04:10:02:09:45.184,10448.507
2019:04:10:02:49:45.232,2019:04:10:05:44:00.104,10454.872
2019:04:10:06:23:53.746,2019:04:10:09:18:15.062,10461.316
2019:04:10:09:58:02.224,2019:04:10:12:52:30.056,10467.832
2019:04:10:13:32:10.665,2019:04:10:16:26:45.087,10474.422
2019:04:10:17:06:19.068,2019:04:10:20:01:00.155,10481.088
2019:04:10:20:40:27.432,2019:04:10:23:35:15.262,10487.829
2019:04:11:00:14:35.758,2019:04:11:03:09:30.407,10494.649
2019:04:11:03:48:44.043,2019:04:11:06:43:45.590,10501.547
2019:04:11:07:22:52.289,2019:04:11:10:18:00.814,10508.525
2019:04:11:10:57:00.493,2019:04:11:13:52:16.078,10515.585
2019:04:11:14:31:08.656,2019:04:11:17:26:31.382,10522.726
2019:04:11:18:05:16.777,2019:04:11:21:00:46.732,10529.955
2019:04:11:21:39:24.856,2019:04:12:00:35:02.117,10537.261
2019:04:12:01:13:32.891,2019:04:12:04:09:17.551,10544.660
2019:04:12:04:47:40.882,2019:04:12:07:43:33.026,10552.144
2019:04:12:08:21:48.829,2019:04:12:11:17:48.545,10559.716
2019:04:12:11:55:56.731,2019:04:12:14:52:04.106,10567.375
2019:04:12:15:30:04.587,2019:04:12:18:26:19.719,10575.132
2019:04:12:19:04:12.396,2019:04:12:22:00:35.372,10582.975
2019:04:12:22:38:20.159,2019:04:13:01:34:51.075,10590.916
2019:04:13:02:12:27.874,2019:04:13:05:09:06.826,10598.952
2019:04:13:05:46:35.540,2019:04:13:08:43:22.625,10607.085
2019:04:13:09:20:43.157,2019:04:13:12:17:38.474,10615.317
2019:04:13:12:54:50.725,2019:04:13:15:51:54.373,10623.648
2019:04:13:16:28:58.239,2019:04:13:19:26:10.323,10632.083
2019:04:13:20:03:05.703,2019:04:13:23:00:26.324,10640.622
2019:04:13:23:37:13.117,2019:04:14:02:34:42.379,10649.262
2019:04:14:03:11:20.476,2019:04:14:06:08:58.487,10658.011
2019:04:14:06:45:27.780,2019:04:14:09:43:14.649,10666.868
2019:04:14:10:19:35.030,2019:04:14:13:17:30.866,10675.836
2019:04:14:13:53:42.225,2019:04:14:16:51:47.140,10684.915
2019:04:14:17:27:49.363,2019:04:14:20:26:03.470,10694.108
2019:04:14:21:01:56.443,2019:04:15:00:00:19.859,10703.416
2019:04:15:00:36:03.466,2019:04:15:03:34:36.307,10712.841
2019:04:15:04:10:10.429,2019:04:15:07:08:52.815,10722.385
2019:04:15:07:44:17.330,2019:04:15:10:43:09.383,10732.053
2019:04:15:11:18:24.172,2019:04:15:14:17:26.014,10741.842
2019:04:15:14:52:30.952,2019:04:15:17:51:42.707,10751.756
2019:04:15:18:26:37.668,2019:04:15:21:25:59.465,10761.797
2019:04:15:22:00:44.321,2019:04:16:01:00:16.288,10771.967
2019:04:16:01:34:50.909,2019:04:16:04:34:33.178,10782.269
2019:04:16:05:08:57.430,2019:04:16:08:08:50.135,10792.705
2019:04:16:08:43:03.884,2019:04:16:11:43:07.160,10803.276
2019:04:16:12:17:10.269,2019:04:16:15:17:24.255,10813.986
2019:04:16:15:51:16.585,2019:04:16:18:51:41.422,10824.837
2019:04:16:19:25:22.830,2019:04:16:22:25:58.661,10835.831
2019:04:16:22:59:29.005,2019:04:17:02:00:15.973,10846.968
2019:04:17:02:33:35.107,2019:04:17:05:34:33.361,10858.254
2019:04:17:06:07:41.132,2019:04:17:09:08:50.825,10869.693
2019:04:17:09:41:47.081,2019:04:17:12:43:08.369,10881.288
2019:04:17:13:15:52.952,2019:04:17:16:17:25.990,10893.038
2019:04:17:16:49:58.744,2019:04:17:19:51:43.692,10904.948
2019:04:17:20:24:04.456,2019:04:17:23:26:01.477,10917.020
2019:04:17:23:58:10.086,2019:04:18:03:00:19.345,10929.259
2019:04:18:03:32:15.630,2019:04:18:06:34:37.299,10941.669
2019:04:18:07:06:21.092,2019:04:18:10:08:55.341,10954.249
2019:04:18:10:40:26.466,2019:04:18:13:43:13.471,10967.005
2019:04:18:14:14:31.751,2019:04:18:17:17:31.693,10979.942
2019:04:18:17:48:36.948,2019:04:18:20:51:50.008,10993.060
2019:04:18:21:22:42.051,2019:04:19:00:26:08.418,11006.367
2019:04:19:00:56:47.060,2019:04:19:04:00:26.925,11019.865
2019:04:19:04:30:51.972,2019:04:19:07:34:45.530,11033.558
2019:04:19:08:04:56.784,2019:04:19:11:09:04.240,11047.456
2019:04:19:11:39:01.496,2019:04:19:14:43:23.052,11061.556
2019:04:19:15:13:06.104,2019:04:19:18:17:41.968,11075.864
2019:04:19:18:47:10.606,2019:04:19:21:52:00.999,11090.392
2019:04:19:22:21:15.000,2019:04:20:01:26:20.135,11105.135
2019:04:20:01:55:19.282,2019:04:20:05:00:39.390,11120.107
2019:04:20:05:29:23.450,2019:04:20:08:34:58.766,11135.316
2019:04:20:09:03:27.501,2019:04:20:12:09:18.255,11150.754
2019:04:20:12:37:31.432,2019:04:20:15:43:37.873,11166.441
2019:04:20:16:11:35.238,2019:04:20:19:17:57.618,11182.380
2019:04:20:19:45:38.917,2019:04:20:22:52:17.495,11198.578
2019:04:20:23:19:42.465,2019:04:21:02:26:37.508,11215.042
2019:04:21:02:53:45.876,2019:04:21:06:00:57.660,11231.784
2019:04:21:06:27:49.150,2019:04:21:09:35:17.956,11248.807
2019:04:21:10:01:52.279,2019:04:21:13:09:38.401,11266.122
2019:04:21:13:35:55.261,2019:04:21:16:43:59.001,11283.740
2019:04:21:17:09:58.089,2019:04:21:20:18:19.759,11301.670
2019:04:21:20:44:00.758,2019:04:21:23:52:40.682,11319.924
2019:04:22:00:18:03.262,2019:04:22:03:27:01.776,11338.514
2019:04:22:03:52:05.595,2019:04:22:07:01:23.047,11357.452
2019:04:22:07:26:07.755,2019:04:22:10:35:44.503,11376.748
2019:04:22:11:00:09.729,2019:04:22:14:10:06.151,11396.422
2019:04:22:14:34:11.509,2019:04:22:17:44:27.998,11416.489
2019:04:22:18:08:13.091,2019:04:22:21:18:50.054,11436.964
2019:04:22:21:42:14.463,2019:04:23:00:53:12.329,11457.865
2019:04:23:01:16:15.618,2019:04:23:04:27:34.831,11479.213
2019:04:23:04:50:16.544,2019:04:23:08:01:57.573,11501.028
2019:04:23:08:24:17.232,2019:04:23:11:36:20.566,11523.334
2019:04:23:11:58:17.667,2019:04:23:15:10:43.824,11546.157
2019:04:23:15:32:17.838,2019:04:23:18:45:07.361,11569.523
2019:04:23:19:06:17.727,2019:04:23:22:19:31.196,11593.469
2019:04:23:22:40:17.323,2019:04:24:01:53:55.338,11618.015
2019:04:24:02:14:16.607,2019:04:24:05:28:19.816,11643.210
2019:04:24:05:48:15.557,2019:04:24:09:02:44.648,11669.092
2019:04:24:09:22:14.152,2019:04:24:12:37:09.860,11695.708
2019:04:24:12:56:12.370,2019:04:24:16:11:35.478,11723.108
2019:04:24:16:30:10.178,2019:04:24:19:46:01.535,11751.357
2019:04:24:20:04:07.549,2019:04:24:23:20:28.066,11780.517
2019:04:24:23:38:04.444,2019:04:25:02:54:55.115,11810.670
2019:04:25:03:12:00.823,2019:04:25:06:29:22.725,11841.901
2019:04:25:06:45:56.638,2019:04:25:10:03:50.955,11874.317
2019:04:25:10:19:51.833,2019:04:25:13:38:19.872,11908.039
2019:04:25:13:53:46.340,2019:04:25:17:12:49.555,11943.215
2019:04:25:17:27:40.080,2019:04:25:20:47:20.100,11980.020
2019:04:25:21:01:32.956,2019:04:26:00:21:51.630,12018.675
2019:04:26:00:35:24.846,2019:04:26:03:56:24.300,12059.454
2019:04:26:04:09:15.599,2019:04:26:07:30:58.301,12102.702
2019:04:26:07:43:05.018,2019:04:26:11:05:33.896,12148.878
2019:04:26:11:16:52.839,2019:04:26:14:40:11.457,12198.617
2019:04:26:14:50:38.695,2019:04:26:18:14:51.513,12252.818
2019:04:26:18:24:22.058,2019:04:26:21:49:34.904,12312.846
2019:04:26:21:58:02.086,2019:04:27:01:24:23.080,12380.994
2019:04:27:01:31:37.324,2019:04:27:04:59:19.049,12461.724
2019:04:27:05:05:04.768,2019:04:27:08:34:31.708,12566.940
2019:04:27:08:38:15.520,2019:05:18:10:00:00.000,1819304.480

